0 0.0118286 6.88933e-06 
1 0.195017 0.000200769 
2 0.199082 0.00020331 
3 0.204095 0.000190253 
4 0.2092 0.000194642 
5 0.214237 0.000204114 
6 0.22025 0.000201695 
7 0.227167 0.000212422 
8 0.235973 0.0105197 
9 0.241474 0.000217502 
10 0.249053 0.000247488 
11 0.257899 0.000324421 
12 0.267906 0.000327108 
13 0.280225 0.000384674 
14 0.293255 0.000395535 
15 0.309526 0.000507985 
16 0.329643 0.00440186 
17 0.347651 0.00288954 
18 0.371493 0.00333243 
19 0.399272 0.0107497 
20 0.395716 0.0231886 
21 0.0397426 0.0080906 
22 5.8337e-05 3.3998e-06 
23 0 0 
24 0 0 
25 0 0 
26 0 0 
27 0 0 
28 0 0 
29 0 0 
